0.146   0.0867   0.0385   0.329
0.181   0.0823   0.0385   0.387
0.213   0.0768   0.0378   0.432
0.256   0.0669   0.0357   0.481
0.288   0.0601   0.0337   0.513
0.329   0.0528   0.0314   0.555
0.358   0.0486   0.0300   0.580
0.397   0.0430   0.0281   0.608
0.427   0.0386   0.0265   0.622
0.469   0.0324   0.0242   0.630
0.510   0.0259   0.0213   0.622
0.549   0.0190   0.0183   0.570
0.584   0.0126   0.0154   0.479
0.617   0.0069   0.0125   0.340
0.650   0.0011   0.0096   0.075
0.684   -0.0052  0.0064   -0.551
0.487   0.0307   0.0233   0.641
0.520   0.0252   0.0209   0.626
0.553   0.0194   0.0183   0.586
0.581   0.0146   0.0162   0.523
0.610   0.0094   0.0137   0.419
0.639   0.0043   0.0111   0.248
0.667  -0.0010   0.0082   -0.085
0.691  -0.0054   0.0058   -0.643
0.113   0.0912   0.0381   0.271
0.145   0.0890   0.0386   0.335
0.174   0.0864   0.0389   0.387
0.200   0.0834   0.0389   0.429
0.233   0.0786   0.0387   0.474
0.260   0.0734   0.0378   0.505
0.291   0.0662   0.0360   0.536
0.316   0.0612   0.0347   0.557
0.346   0.0543   0.0323   0.580
0.375   0.0489   0.0305   0.603
0.401   0.0451   0.0291   0.620
0.432   0.0401   0.0272   0.635
0.466   0.0345   0.0250   0.644
0.493   0.0297   0.0229   0.640
0.519   0.0254   0.0210   0.630
0.548   0.0204   0.0188   0.595
0.581   0.0145   0.0162   0.520
0.093   0.0942   0.0385   0.227
0.121   0.0922   0.0388   0.288
0.146   0.0910   0.0392   0.339
0.170   0.0892   0.0394   0.384
0.194   0.0868   0.0396   0.425
0.218   0.0843   0.0398   0.462
0.241   0.0814   0.0397   0.495
0.266   0.0778   0.0395   0.525
0.291   0.0732   0.0387   0.551
0.314   0.0679   0.0373   0.572
0.335   0.0633   0.0360   0.589
0.357   0.0578   0.0342   0.603
0.380   0.0527   0.0324   0.619
0.406   0.0474   0.0304   0.633
0.428   0.0433   0.0289   0.643
0.452   0.0392   0.0272   0.652
0.484   0.0338   0.0249   0.658
0.406   0.0472   0.0304   0.631
0.429   0.0431   0.0288   0.642
0.456   0.0385   0.0269   0.652
0.476   0.0352   0.0255   0.657
0.503   0.0302   0.0233   0.651
0.524   0.0268   0.0219   0.642
0.556   0.0210   0.0193   0.606
0.573   0.0181   0.0179   0.578
0.600   0.0131   0.0156   0.505
0.619   0.0098   0.0138   0.438
0.647   0.0044   0.0110   0.257
0.671   -0.0001  0.0085   -0.008
0.697   -0.0048  0.0058   -0.581
0.087   0.0960   0.0390   0.213
0.108   0.0946   0.0392   0.261
0.128   0.0932   0.0394   0.304
0.149   0.0918   0.0396   0.345
0.173   0.0899   0.0399   0.391
0.195   0.0881   0.0401   0.429
0.216   0.0862   0.0403   0.462
0.237   0.0840   0.0404   0.493
0.258   0.0815   0.0404   0.521
0.279   0.0784   0.0402   0.545
0.300   0.0749   0.0396   0.568
0.321   0.0706   0.0386   0.587
0.342   0.0658   0.0373   0.603
0.367   0.0591   0.0351   0.618
0.388   0.0545   0.0334   0.633
0.406   0.0507   0.0321   0.642
0.434   0.0444   0.0296   0.652
0.366   0.0591   0.0351   0.617
0.388   0.0546   0.0335   0.632
0.407   0.0503   0.0320   0.639
0.430   0.0453   0.0298   0.652
0.449   0.0416   0.0284   0.657
0.473   0.0373   0.0265   0.664
0.492   0.0339   0.0251   0.665
0.512   0.0308   0.0239   0.662
0.537   0.0262   0.0218   0.644
0.557   0.0227   0.0202   0.626
0.584   0.0177   0.0178   0.580
0.603   0.0143   0.0162   0.533
0.627   0.0095   0.0137   0.437
0.640   0.0071   0.0124   0.367
0.667   0.0020   0.0096   0.141
0.691   -0.0025  0.0069   -0.256