 -14.300  -1.0909   0.02834   0.02525  -0.0922   0.9991   0.0119
 -14.200  -1.0850   0.02702   0.02383  -0.0933   0.9982   0.0120
 -14.100  -1.0773   0.02603   0.02277  -0.0942   0.9975   0.0121
 -14.000  -1.0685   0.02524   0.02193  -0.0949   0.9968   0.0122
 -13.900  -1.0589   0.02458   0.02122  -0.0956   0.9963   0.0123
 -13.800  -1.0487   0.02400   0.02060  -0.0963   0.9958   0.0124
 -13.700  -1.0381   0.02348   0.02005  -0.0969   0.9953   0.0125
 -13.600  -1.0271   0.02302   0.01955  -0.0975   0.9950   0.0126
 -13.500  -1.0159   0.02258   0.01908  -0.0981   0.9946   0.0127
 -13.400  -1.0045   0.02217   0.01864  -0.0987   0.9943   0.0128
 -13.300  -0.9929   0.02177   0.01821  -0.0993   0.9940   0.0128
 -13.200  -0.9825   0.02141   0.01782  -0.0996   0.9933   0.0129
 -13.100  -0.9723   0.02105   0.01744  -0.0999   0.9925   0.0130
 -13.000  -0.9617   0.02070   0.01705  -0.1002   0.9917   0.0131
 -12.900  -0.9507   0.02036   0.01668  -0.1006   0.9909   0.0132
 -12.800  -0.9395   0.02002   0.01631  -0.1010   0.9902   0.0133
 -12.700  -0.9281   0.01969   0.01595  -0.1014   0.9896   0.0134
 -12.600  -0.9165   0.01936   0.01559  -0.1019   0.9890   0.0135
 -12.500  -0.9048   0.01905   0.01524  -0.1023   0.9884   0.0136
 -12.400  -0.8929   0.01874   0.01490  -0.1028   0.9879   0.0137
 -12.300  -0.8808   0.01844   0.01456  -0.1033   0.9875   0.0138
 -12.200  -0.8686   0.01815   0.01425  -0.1038   0.9870   0.0139
 -12.100  -0.8563   0.01787   0.01394  -0.1043   0.9866   0.0140
 -12.000  -0.8438   0.01761   0.01364  -0.1049   0.9863   0.0141
 -11.900  -0.8313   0.01736   0.01335  -0.1054   0.9859   0.0142
 -11.800  -0.8188   0.01712   0.01309  -0.1059   0.9855   0.0143
 -11.700  -0.8063   0.01689   0.01284  -0.1064   0.9850   0.0143
 -11.600  -0.7938   0.01669   0.01261  -0.1069   0.9845   0.0144
 -11.500  -0.7836   0.01601   0.01186  -0.1073   0.9838   0.0147
 -11.400  -0.7731   0.01561   0.01141  -0.1075   0.9828   0.0149
 -11.300  -0.7641   0.01532   0.01111  -0.1073   0.9809   0.0151
 -11.200  -0.7537   0.01509   0.01086  -0.1073   0.9794   0.0153
 -11.100  -0.7428   0.01488   0.01063  -0.1074   0.9780   0.0155
 -11.000  -0.7317   0.01469   0.01043  -0.1075   0.9767   0.0156
 -10.900  -0.7206   0.01451   0.01023  -0.1077   0.9755   0.0158
 -10.800  -0.7095   0.01432   0.01003  -0.1077   0.9743   0.0159
 -10.700  -0.6983   0.01415   0.00984  -0.1078   0.9731   0.0161
 -10.600  -0.6871   0.01397   0.00964  -0.1080   0.9719   0.0162
 -10.500  -0.6763   0.01380   0.00944  -0.1080   0.9705   0.0164
 -10.400  -0.6668   0.01364   0.00926  -0.1077   0.9684   0.0166
 -10.300  -0.6569   0.01348   0.00908  -0.1075   0.9663   0.0167
 -10.200  -0.6468   0.01332   0.00890  -0.1074   0.9642   0.0168
 -10.100  -0.6366   0.01316   0.00872  -0.1072   0.9623   0.0170
 -10.000  -0.6261   0.01302   0.00855  -0.1071   0.9605   0.0171
  -9.900  -0.6154   0.01288   0.00838  -0.1071   0.9588   0.0172
  -9.800  -0.6047   0.01275   0.00823  -0.1070   0.9571   0.0173
  -9.700  -0.5945   0.01264   0.00810  -0.1068   0.9550   0.0174
  -9.600  -0.5852   0.01233   0.00775  -0.1066   0.9525   0.0177
  -9.500  -0.5757   0.01205   0.00744  -0.1064   0.9499   0.0180
  -9.400  -0.5657   0.01185   0.00722  -0.1062   0.9474   0.0183
  -9.300  -0.5555   0.01169   0.00704  -0.1060   0.9449   0.0185
  -9.200  -0.5450   0.01155   0.00688  -0.1059   0.9423   0.0188
  -9.100  -0.5347   0.01142   0.00674  -0.1058   0.9395   0.0190
  -9.000  -0.5242   0.01130   0.00660  -0.1056   0.9364   0.0192
  -8.900  -0.5137   0.01118   0.00647  -0.1055   0.9334   0.0195
  -8.800  -0.5032   0.01107   0.00633  -0.1054   0.9305   0.0197
  -8.700  -0.4925   0.01096   0.00619  -0.1053   0.9279   0.0199
  -8.600  -0.4817   0.01086   0.00607  -0.1052   0.9254   0.0202
  -8.500  -0.4708   0.01076   0.00596  -0.1052   0.9230   0.0204
  -8.400  -0.4598   0.01067   0.00586  -0.1051   0.9204   0.0206
  -8.300  -0.4489   0.01060   0.00577  -0.1051   0.9179   0.0208
  -8.200  -0.4382   0.01045   0.00558  -0.1050   0.9154   0.0211
  -8.100  -0.4278   0.01023   0.00534  -0.1049   0.9130   0.0216
  -8.000  -0.4171   0.01009   0.00518  -0.1048   0.9107   0.0220
  -7.900  -0.4061   0.00997   0.00506  -0.1048   0.9084   0.0224
  -7.800  -0.3951   0.00987   0.00495  -0.1048   0.9058   0.0227
  -7.700  -0.3841   0.00978   0.00484  -0.1047   0.9031   0.0231
  -7.600  -0.3731   0.00969   0.00474  -0.1047   0.9005   0.0234
  -7.500  -0.3621   0.00961   0.00463  -0.1046   0.8979   0.0237
  -7.400  -0.3511   0.00953   0.00453  -0.1046   0.8954   0.0241
  -7.300  -0.3399   0.00946   0.00444  -0.1046   0.8929   0.0244
  -7.200  -0.3287   0.00938   0.00435  -0.1046   0.8901   0.0246
  -7.100  -0.3177   0.00929   0.00424  -0.1045   0.8871   0.0249
  -7.000  -0.3070   0.00912   0.00405  -0.1045   0.8840   0.0257
  -6.900  -0.2961   0.00902   0.00393  -0.1044   0.8810   0.0262
  -6.800  -0.2850   0.00893   0.00383  -0.1044   0.8782   0.0268
  -6.700  -0.2738   0.00885   0.00375  -0.1044   0.8752   0.0273
  -6.600  -0.2626   0.00879   0.00368  -0.1044   0.8719   0.0278
  -6.500  -0.2515   0.00873   0.00359  -0.1043   0.8686   0.0283
  -6.400  -0.2403   0.00868   0.00352  -0.1043   0.8654   0.0288
  -6.300  -0.2291   0.00864   0.00346  -0.1043   0.8625   0.0291
  -6.200  -0.2180   0.00851   0.00332  -0.1043   0.8595   0.0300
  -6.100  -0.2069   0.00840   0.00321  -0.1043   0.8562   0.0308
  -6.000  -0.1958   0.00833   0.00313  -0.1042   0.8528   0.0315
  -5.900  -0.1846   0.00827   0.00305  -0.1042   0.8495   0.0322
  -5.800  -0.1735   0.00822   0.00298  -0.1042   0.8462   0.0329
  -5.700  -0.1621   0.00816   0.00292  -0.1042   0.8429   0.0335
  -5.600  -0.1508   0.00812   0.00286  -0.1042   0.8392   0.0340
  -5.500  -0.1397   0.00805   0.00276  -0.1042   0.8353   0.0349
  -5.400  -0.1287   0.00796   0.00267  -0.1041   0.8316   0.0362
  -5.300  -0.1174   0.00790   0.00260  -0.1041   0.8281   0.0372
  -5.200  -0.1061   0.00784   0.00254  -0.1041   0.8242   0.0382
  -5.100  -0.0949   0.00781   0.00249  -0.1041   0.8202   0.0391
  -5.000  -0.0837   0.00778   0.00243  -0.1041   0.8163   0.0398
  -4.900  -0.0725   0.00771   0.00235  -0.1041   0.8128   0.0412
  -4.800  -0.0612   0.00763   0.00228  -0.1041   0.8090   0.0428
  -4.700  -0.0500   0.00758   0.00222  -0.1041   0.8047   0.0441
  -4.600  -0.0389   0.00755   0.00217  -0.1040   0.8005   0.0453
  -4.500  -0.0276   0.00752   0.00212  -0.1040   0.7965   0.0463
  -4.400  -0.0163   0.00747   0.00206  -0.1040   0.7923   0.0477
  -4.300  -0.0051   0.00741   0.00200  -0.1040   0.7878   0.0501
  -4.200   0.0060   0.00738   0.00196  -0.1040   0.7833   0.0518
  -4.100   0.0173   0.00734   0.00191  -0.1040   0.7793   0.0534
  -4.000   0.0287   0.00732   0.00187  -0.1040   0.7749   0.0544
  -3.900   0.0398   0.00726   0.00181  -0.1039   0.7703   0.0575
  -3.800   0.0509   0.00722   0.00177  -0.1039   0.7659   0.0599
  -3.700   0.0623   0.00718   0.00173  -0.1039   0.7616   0.0619
  -3.600   0.0736   0.00717   0.00169  -0.1039   0.7566   0.0633
  -3.500   0.0846   0.00713   0.00165  -0.1039   0.7516   0.0671
  -3.400   0.0959   0.00709   0.00161  -0.1039   0.7473   0.0701
  -3.300   0.1072   0.00706   0.00158  -0.1039   0.7423   0.0727
  -3.200   0.1184   0.00704   0.00154  -0.1039   0.7372   0.0752
  -3.100   0.1295   0.00701   0.00151  -0.1038   0.7326   0.0794
  -3.000   0.1409   0.00697   0.00148  -0.1039   0.7279   0.0829
  -2.900   0.1521   0.00696   0.00145  -0.1039   0.7227   0.0853
  -2.800   0.1631   0.00694   0.00142  -0.1038   0.7175   0.0904
  -2.700   0.1745   0.00690   0.00140  -0.1038   0.7129   0.0950
  -2.600   0.1857   0.00689   0.00137  -0.1038   0.7075   0.0981
  -2.500   0.1967   0.00687   0.00135  -0.1038   0.7021   0.1036
  -2.400   0.2081   0.00684   0.00133  -0.1038   0.6974   0.1087
  -2.200   0.2304   0.00681   0.00128  -0.1038   0.6866   0.1195
  -2.100   0.2417   0.00679   0.00127  -0.1038   0.6819   0.1248
  -2.000   0.2529   0.00677   0.00125  -0.1038   0.6763   0.1300
  -1.900   0.2640   0.00676   0.00124  -0.1038   0.6708   0.1367
  -1.800   0.2752   0.00675   0.00122  -0.1038   0.6659   0.1422
  -1.700   0.2864   0.00673   0.00121  -0.1038   0.6603   0.1500
  -1.600   0.2975   0.00672   0.00120  -0.1037   0.6547   0.1564
  -1.500   0.3087   0.00671   0.00119  -0.1037   0.6499   0.1635
  -1.400   0.3200   0.00669   0.00118  -0.1037   0.6444   0.1714
  -1.300   0.3311   0.00669   0.00117  -0.1037   0.6389   0.1793
  -1.200   0.3422   0.00668   0.00117  -0.1037   0.6338   0.1874
  -1.100   0.3535   0.00667   0.00116  -0.1037   0.6285   0.1953
  -1.000   0.3646   0.00666   0.00116  -0.1037   0.6228   0.2043
  -0.900   0.3757   0.00665   0.00116  -0.1037   0.6179   0.2137
  -0.800   0.3870   0.00664   0.00116  -0.1037   0.6128   0.2227
  -0.700   0.3981   0.00664   0.00116  -0.1037   0.6073   0.2326
  -0.600   0.4092   0.00664   0.00117  -0.1037   0.6024   0.2424
  -0.500   0.4204   0.00662   0.00117  -0.1037   0.5975   0.2539
  -0.400   0.4315   0.00662   0.00117  -0.1037   0.5921   0.2645
  -0.200   0.4539   0.00660   0.00119  -0.1037   0.5825   0.2885
  -0.100   0.4650   0.00659   0.00119  -0.1037   0.5776   0.3025
  -0.000   0.4760   0.00659   0.00120  -0.1037   0.5725   0.3156
   0.100   0.4872   0.00657   0.00121  -0.1037   0.5682   0.3305
   0.200   0.4984   0.00655   0.00122  -0.1037   0.5636   0.3475
   0.300   0.5094   0.00653   0.00123  -0.1037   0.5587   0.3668
   0.400   0.5203   0.00651   0.00125  -0.1037   0.5542   0.3895
   0.500   0.5314   0.00644   0.00126  -0.1037   0.5503   0.4226
   0.600   0.5422   0.00633   0.00128  -0.1037   0.5460   0.4782
   0.700   0.5529   0.00625   0.00131  -0.1037   0.5415   0.5264
   0.800   0.5636   0.00617   0.00134  -0.1037   0.5375   0.5717
   1.000   0.5853   0.00602   0.00139  -0.1036   0.5298   0.6572
   1.100   0.5958   0.00596   0.00142  -0.1035   0.5259   0.6996
   1.200   0.6062   0.00589   0.00145  -0.1033   0.5220   0.7411
   1.300   0.6166   0.00580   0.00148  -0.1031   0.5187   0.7851
   1.400   0.6262   0.00571   0.00152  -0.1028   0.5153   0.8342
   1.500   0.6349   0.00562   0.00156  -0.1021   0.5118   0.8823
   1.600   0.6427   0.00557   0.00160  -0.1012   0.5082   0.9266
   1.700   0.6542   0.00556   0.00163  -0.1012   0.5050   0.9640
   1.800   0.6714   0.00558   0.00164  -0.1025   0.5016   0.9857
   1.900   0.6875   0.00561   0.00166  -0.1036   0.4981   0.9958
   2.000   0.7014   0.00565   0.00167  -0.1042   0.4945   1.0000
   2.100   0.7120   0.00571   0.00170  -0.1041   0.4910   1.0000
   2.200   0.7230   0.00574   0.00172  -0.1040   0.4884   1.0000
   2.300   0.7340   0.00577   0.00174  -0.1040   0.4857   1.0000
   2.400   0.7449   0.00580   0.00176  -0.1039   0.4828   1.0000
   2.500   0.7557   0.00584   0.00178  -0.1039   0.4797   1.0000
   2.600   0.7665   0.00590   0.00181  -0.1038   0.4765   1.0000
   2.700   0.7773   0.00594   0.00184  -0.1037   0.4735   1.0000
   2.800   0.7884   0.00597   0.00186  -0.1037   0.4712   1.0000
   2.900   0.7995   0.00600   0.00189  -0.1037   0.4686   1.0000
   3.000   0.8104   0.00604   0.00191  -0.1036   0.4657   1.0000
   3.100   0.8213   0.00609   0.00194  -0.1036   0.4628   1.0000
   3.200   0.8320   0.00614   0.00198  -0.1035   0.4596   1.0000
   3.300   0.8430   0.00619   0.00201  -0.1034   0.4569   1.0000
   3.400   0.8541   0.00622   0.00204  -0.1034   0.4546   1.0000
   3.500   0.8652   0.00625   0.00207  -0.1034   0.4519   1.0000
   3.600   0.8761   0.00630   0.00210  -0.1033   0.4489   1.0000
   3.700   0.8869   0.00635   0.00213  -0.1033   0.4458   1.0000
   3.800   0.8976   0.00641   0.00217  -0.1032   0.4424   1.0000
   3.900   0.9087   0.00645   0.00220  -0.1032   0.4399   1.0000
   4.000   0.9197   0.00648   0.00223  -0.1032   0.4370   1.0000
   4.100   0.9307   0.00652   0.00227  -0.1031   0.4337   1.0000
   4.200   0.9414   0.00658   0.00231  -0.1031   0.4301   1.0000
   4.300   0.9519   0.00666   0.00236  -0.1030   0.4259   1.0000
   4.400   0.9630   0.00669   0.00239  -0.1029   0.4230   1.0000
   4.500   0.9740   0.00673   0.00243  -0.1029   0.4191   1.0000
   4.600   0.9847   0.00679   0.00247  -0.1028   0.4146   1.0000
   4.700   0.9951   0.00688   0.00252  -0.1027   0.4098   1.0000
   4.800   1.0061   0.00691   0.00255  -0.1027   0.4061   1.0000
   4.900   1.0169   0.00697   0.00259  -0.1026   0.4014   1.0000
   5.000   1.0274   0.00705   0.00265  -0.1025   0.3960   1.0000
   5.100   1.0380   0.00711   0.00269  -0.1024   0.3915   1.0000
   5.200   1.0488   0.00717   0.00274  -0.1024   0.3863   1.0000
   5.300   1.0591   0.00725   0.00279  -0.1023   0.3803   1.0000
   5.400   1.0697   0.00732   0.00285  -0.1022   0.3753   1.0000
   5.500   1.0802   0.00739   0.00290  -0.1021   0.3695   1.0000
   5.700   1.1009   0.00757   0.00302  -0.1018   0.3574   1.0000
   5.800   1.1110   0.00767   0.00309  -0.1017   0.3503   1.0000
   5.900   1.1212   0.00776   0.00316  -0.1015   0.3439   1.0000
   6.000   1.1314   0.00786   0.00323  -0.1014   0.3367   1.0000
   6.100   1.1413   0.00798   0.00331  -0.1012   0.3294   1.0000
   6.200   1.1513   0.00808   0.00338  -0.1010   0.3213   1.0000
   6.300   1.1610   0.00821   0.00347  -0.1008   0.3135   1.0000
   6.400   1.1707   0.00834   0.00356  -0.1005   0.3046   1.0000
   6.500   1.1804   0.00847   0.00365  -0.1003   0.2964   1.0000
   6.600   1.1897   0.00863   0.00376  -0.1000   0.2865   1.0000
   6.700   1.1993   0.00876   0.00385  -0.0998   0.2773   1.0000
   6.800   1.2085   0.00893   0.00397  -0.0995   0.2673   1.0000
   6.900   1.2174   0.00911   0.00409  -0.0991   0.2565   1.0000
   7.000   1.2266   0.00927   0.00421  -0.0988   0.2461   1.0000
   7.100   1.2354   0.00946   0.00434  -0.0985   0.2351   1.0000
   7.200   1.2440   0.00967   0.00448  -0.0981   0.2235   1.0000
   7.300   1.2523   0.00989   0.00463  -0.0976   0.2114   1.0000
   7.400   1.2610   0.01008   0.00477  -0.0973   0.2002   1.0000
   7.500   1.2694   0.01029   0.00492  -0.0969   0.1892   1.0000
   7.600   1.2775   0.01052   0.00508  -0.0964   0.1776   1.0000
   7.700   1.2854   0.01076   0.00526  -0.0959   0.1659   1.0000
   7.800   1.2932   0.01101   0.00544  -0.0954   0.1540   1.0000
   7.900   1.3013   0.01123   0.00560  -0.0949   0.1437   1.0000
   8.000   1.3093   0.01146   0.00577  -0.0944   0.1341   1.0000
   8.100   1.3170   0.01170   0.00595  -0.0939   0.1246   1.0000
   8.200   1.3250   0.01192   0.00613  -0.0934   0.1162   1.0000
   8.300   1.3330   0.01213   0.00630  -0.0929   0.1085   1.0000
   8.500   1.3486   0.01257   0.00665  -0.0919   0.0937   1.0000
   8.600   1.3560   0.01281   0.00685  -0.0913   0.0867   1.0000
   8.700   1.3640   0.01301   0.00701  -0.0908   0.0813   1.0000
   8.800   1.3715   0.01323   0.00720  -0.0902   0.0757   1.0000
   8.900   1.3796   0.01341   0.00736  -0.0898   0.0718   1.0000
   9.000   1.3870   0.01364   0.00755  -0.0892   0.0671   1.0000
   9.100   1.3950   0.01381   0.00771  -0.0887   0.0637   1.0000
   9.200   1.4026   0.01400   0.00789  -0.0882   0.0603   1.0000
   9.300   1.4096   0.01423   0.00809  -0.0875   0.0563   1.0000
   9.400   1.4176   0.01439   0.00824  -0.0870   0.0541   1.0000
   9.500   1.4244   0.01459   0.00842  -0.0863   0.0513   1.0000
   9.600   1.4305   0.01480   0.00862  -0.0855   0.0483   1.0000
   9.700   1.4376   0.01496   0.00878  -0.0849   0.0466   1.0000
   9.800   1.4444   0.01515   0.00896  -0.0842   0.0447   1.0000
   9.900   1.4506   0.01536   0.00916  -0.0834   0.0427   1.0000
  10.000   1.4567   0.01558   0.00937  -0.0826   0.0405   1.0000
  10.100   1.4639   0.01574   0.00954  -0.0820   0.0395   1.0000
  10.200   1.4707   0.01593   0.00973  -0.0813   0.0382   1.0000
  10.300   1.4769   0.01615   0.00994  -0.0806   0.0368   1.0000
  10.400   1.4828   0.01639   0.01017  -0.0798   0.0352   1.0000
  10.500   1.4892   0.01660   0.01039  -0.0791   0.0340   1.0000
  10.600   1.4961   0.01679   0.01058  -0.0784   0.0331   1.0000
  10.700   1.5026   0.01700   0.01080  -0.0778   0.0322   1.0000
  10.800   1.5086   0.01724   0.01103  -0.0770   0.0311   1.0000
  10.900   1.5141   0.01750   0.01129  -0.0762   0.0300   1.0000
  11.000   1.5195   0.01777   0.01157  -0.0754   0.0288   1.0000
  11.100   1.5264   0.01797   0.01178  -0.0749   0.0283   1.0000
  11.200   1.5329   0.01819   0.01201  -0.0743   0.0277   1.0000
  11.300   1.5389   0.01843   0.01226  -0.0736   0.0270   1.0000
  11.400   1.5445   0.01870   0.01253  -0.0729   0.0263   1.0000
  11.500   1.5499   0.01899   0.01282  -0.0721   0.0256   1.0000
  11.600   1.5549   0.01930   0.01313  -0.0713   0.0248   1.0000
  11.700   1.5597   0.01963   0.01347  -0.0705   0.0241   1.0000
  11.800   1.5661   0.01987   0.01372  -0.0699   0.0238   1.0000
  11.900   1.5721   0.02012   0.01400  -0.0693   0.0234   1.0000
  12.000   1.5777   0.02041   0.01429  -0.0687   0.0230   1.0000
  12.100   1.5831   0.02071   0.01461  -0.0680   0.0225   1.0000
  12.200   1.5882   0.02104   0.01494  -0.0673   0.0220   1.0000
  12.300   1.5930   0.02139   0.01530  -0.0666   0.0216   1.0000
  12.400   1.5973   0.02177   0.01569  -0.0659   0.0210   1.0000
  12.500   1.6012   0.02219   0.01612  -0.0651   0.0205   1.0000
  12.600   1.6054   0.02259   0.01654  -0.0643   0.0200   1.0000
  12.700   1.6109   0.02290   0.01687  -0.0637   0.0198   1.0000
  12.800   1.6162   0.02324   0.01722  -0.0632   0.0195   1.0000
  12.900   1.6214   0.02359   0.01759  -0.0626   0.0193   1.0000
  13.000   1.6261   0.02398   0.01800  -0.0620   0.0189   1.0000
  13.100   1.6306   0.02438   0.01841  -0.0614   0.0186   1.0000
  13.200   1.6350   0.02480   0.01885  -0.0607   0.0183   1.0000
  13.300   1.6388   0.02526   0.01932  -0.0601   0.0180   1.0000
  13.400   1.6423   0.02575   0.01982  -0.0594   0.0177   1.0000
  13.500   1.6456   0.02627   0.02035  -0.0587   0.0174   1.0000
  13.600   1.6480   0.02686   0.02096  -0.0580   0.0170   1.0000
  13.700   1.6499   0.02750   0.02163  -0.0572   0.0166   1.0000
  13.800   1.6541   0.02797   0.02212  -0.0567   0.0165   1.0000
  13.900   1.6584   0.02845   0.02262  -0.0562   0.0164   1.0000
  14.000   1.6626   0.02893   0.02312  -0.0557   0.0162   1.0000
  14.100   1.6662   0.02946   0.02368  -0.0552   0.0160   1.0000
  14.200   1.6698   0.03000   0.02424  -0.0547   0.0159   1.0000
  14.300   1.6733   0.03055   0.02482  -0.0542   0.0157   1.0000
  14.400   1.6764   0.03115   0.02543  -0.0537   0.0155   1.0000
  14.500   1.6794   0.03176   0.02606  -0.0532   0.0153   1.0000
  14.600   1.6820   0.03241   0.02673  -0.0527   0.0151   1.0000
  14.700   1.6845   0.03308   0.02743  -0.0522   0.0149   1.0000
  14.800   1.6868   0.03378   0.02814  -0.0517   0.0148   1.0000
  14.900   1.6886   0.03453   0.02892  -0.0512   0.0146   1.0000
  15.000   1.6902   0.03531   0.02972  -0.0507   0.0144   1.0000
  15.100   1.6910   0.03617   0.03060  -0.0502   0.0142   1.0000
  15.200   1.6912   0.03709   0.03155  -0.0497   0.0139   1.0000
  15.300   1.6904   0.03814   0.03263  -0.0492   0.0137   1.0000
  15.400   1.6907   0.03910   0.03362  -0.0488   0.0136   1.0000
  15.500   1.6932   0.03986   0.03440  -0.0485   0.0135   1.0000
  15.600   1.6956   0.04062   0.03519  -0.0482   0.0134   1.0000
  15.700   1.6980   0.04140   0.03600  -0.0479   0.0133   1.0000
  15.800   1.6996   0.04227   0.03690  -0.0477   0.0132   1.0000
  15.900   1.7017   0.04310   0.03775  -0.0474   0.0131   1.0000
  16.000   1.7029   0.04403   0.03871  -0.0472   0.0130   1.0000
  16.100   1.7042   0.04494   0.03965  -0.0469   0.0129   1.0000
  16.200   1.7052   0.04590   0.04064  -0.0467   0.0127   1.0000
  16.300   1.7061   0.04690   0.04166  -0.0465   0.0126   1.0000
  16.400   1.7069   0.04789   0.04269  -0.0463   0.0125   1.0000
  16.500   1.7074   0.04896   0.04379  -0.0461   0.0124   1.0000
  16.600   1.7077   0.05004   0.04489  -0.0460   0.0123   1.0000
  16.700   1.7076   0.05118   0.04606  -0.0459   0.0122   1.0000
  
